current_in_mA=[-20,-19,-18,-17,-16,-15,-14,-13,-12,-11,-10,-9,-8,-7,-6,-5,-4,-3,-2,-1,0,0.1,0.2,0.3,0.4,0.5,0.6,0.7,0.8,0.9,1];
voltage_in_volts=[0.6,0.5,0.4,0.3,0.2,0.1,0.09,0.08,0.07,0.06,0.05,0.04,0.03,0.02,0.01,0.01,0.005,0.004,0.002,0.001,0,0.01,0.02,0.3,0.4,0.5,0.55,1,3,5,9];